simple
0 45
1 30
2 29
3 10
4 35
5 11
6 19
7 22
8 41
9 24
10 36
11 30
12 30
13 18
14 13
15 17
16 22
17 21
18 29
19 10
20 39
21 34
22 25
23 31
24 27
25 44
26 11
27 18
28 36
29 14
30 30
31 27
32 32
33 44
34 28
35 28
36 42
37 15
38 35
39 23
40 46
41 25
42 47
43 15
44 30
45 17
46 35
47 11
48 38
49 16
50 44
51 47
52 16
53 29
54 23
55 22
56 22
57 47
58 27
59 21
60 23
61 34
62 45
63 16
64 36
65 43
66 36
67 18
68 26
69 13
70 37
71 24
72 32
73 39
74 12
75 24
76 14
77 45
78 21
79 43
80 15
81 25
82 39
83 49
84 22
85 42
86 26
87 43
88 32
89 38
90 22
91 25
92 26
93 33
94 43
95 43
96 35
97 16
98 45
99 26
100 39
101 37
102 34
103 31
104 34
105 41
106 36
107 45
108 45
109 20
110 29
111 32
112 42
113 43
114 24
115 43
116 29
117 49
118 25
119 16
120 11
121 26
122 48
123 25
124 13
125 21
126 41
127 37
128 41
129 22
130 12
131 42
132 14
133 47
134 35
135 34
136 39
137 11
138 16
139 32
140 36
141 27
142 45
143 44
144 15
145 36
146 21
147 17
148 21
149 40
150 35
151 23
152 44
153 27
154 29
155 48
156 43
157 34
158 41
159 34
160 32
161 36
162 21
163 29
164 30
165 19
166 18
167 47
168 19
169 18
170 25
171 47
172 40
173 26
174 14
175 19
176 45
177 27
178 15
179 44
180 17
181 25
182 12
183 23
184 12
185 18
186 22
187 47
188 49
189 38
190 42
191 37
192 10
193 38
194 18
195 17
196 29
197 27
198 22
199 13
200 34
201 49
202 29
203 40
204 37
205 12
206 31
207 35
208 31
209 28
210 46
211 15
212 29
213 40
214 27
215 44
216 28
217 20
218 22
219 43
220 25
221 30
222 12
223 17
224 16
225 47
226 25
227 13
228 43
229 44
230 15
231 29
232 14
233 22
234 23
235 34
236 36
237 25
238 49
239 41
240 39
241 40
242 25
243 11
244 40
245 34
246 46
247 37
248 37
249 31
250 37
251 10
252 32
253 38
254 21
255 37
256 46
257 40
258 27
259 35
260 14
261 32
262 35
263 33
264 18
265 30
266 41
267 16
268 32
269 17
270 33
271 43
272 22
273 24
274 24
275 14
276 35
277 44
278 40
279 46
280 41
281 44
282 21
283 22
284 48
285 18
286 38
287 48
288 35
289 26
290 22
291 12
292 13
293 49
294 42
295 14
296 25
297 11
298 46
299 28
300 32
301 22
302 37
303 20
304 30
305 31
306 37
307 46
308 20
309 36
310 36
311 26
312 25
313 32
314 31
315 33
316 20
317 48
318 18
319 44
320 41
321 19
322 42
323 20
324 17
325 15
326 31
327 42
328 37
329 41
330 19
331 20
332 11
333 29
334 23
335 48
336 36
337 28
338 31
339 36
340 14
341 48
342 29
343 36
344 25
345 18
346 46
347 21
348 43
349 27
350 46
351 19
352 45
353 48
354 21
355 14
356 32
357 22
358 19
359 33
360 21
361 29
362 33
363 31
364 22
365 28
366 41
367 29
368 16
369 29
370 49
371 32
372 44
373 35
374 30
375 25
376 19
377 21
378 32
379 36
380 34
381 10
382 16
383 36
384 35
385 43
386 24
387 36
388 16
389 27
390 44
391 13
392 39
393 28
394 34
395 43
396 38
397 28
398 41
399 16
400 30
401 29
402 13
403 30
404 30
405 36
406 22
407 16
408 14
409 16
410 27
411 41
412 43
413 25
414 14
415 46
416 22
417 26
418 35
419 30
420 10
421 35
422 19
423 44
424 29
425 11
426 39
427 16
428 25
429 11
430 33
431 25
432 12
433 33
434 32
435 45
436 36
437 14
438 19
439 43
440 26
441 43
442 14
443 33
444 15
445 40
446 25
447 48
448 37
449 13
450 22
451 21
452 37
453 32
454 31
455 43
456 25
457 14
458 10
459 25
460 33
461 44
462 34
463 13
464 34
465 28
466 36
467 17
468 31
469 43
470 37
471 38
472 37
473 34
474 42
475 32
476 41
477 31
478 15
479 14
480 45
481 29
482 28
483 46
484 19
485 10
486 48
487 37
488 16
489 36
490 42
491 40
492 33
493 13
494 32
495 31
496 26
497 33
498 17
499 28
normal
0 23
1 42
2 45
3 34
4 48
5 49
6 20
7 34
8 56
9 51
10 35
11 50
12 37
13 23
14 48
15 23
16 37
17 29
18 21
19 50
20 54
21 38
22 56
23 41
24 21
25 52
26 22
27 53
28 47
29 26
30 27
31 60
32 54
33 33
34 54
35 23
36 27
37 28
38 32
39 39
40 36
41 27
42 20
43 37
44 56
45 44
46 53
47 37
48 53
49 38
50 51
51 55
52 56
53 49
54 46
55 44
56 32
57 25
58 52
59 43
60 31
61 59
62 29
63 24
64 29
65 38
66 34
67 22
68 43
69 30
70 48
71 26
72 22
73 26
74 24
75 47
76 30
77 60
78 30
79 50
80 55
81 48
82 24
83 37
84 42
85 23
86 24
87 24
88 43
89 36
90 30
91 44
92 44
93 40
94 33
95 36
96 42
97 52
98 26
99 57
100 34
101 40
102 28
103 53
104 21
105 30
106 37
107 38
108 33
109 38
110 45
111 43
112 46
113 32
114 26
115 28
116 24
117 33
118 60
119 43
120 32
121 26
122 49
123 21
124 35
125 55
126 42
127 56
128 25
129 31
130 35
131 33
132 46
133 62
134 60
135 52
136 51
137 45
138 23
139 42
140 43
141 42
142 25
143 29
144 26
145 45
146 42
147 25
148 53
149 60
150 55
151 29
152 34
153 21
154 37
155 24
156 58
157 33
158 32
159 44
160 28
161 29
162 55
163 53
164 29
165 20
166 42
167 51
168 54
169 52
170 26
171 43
172 20
173 32
174 54
175 31
176 51
177 52
178 58
179 37
180 49
181 39
182 43
183 32
184 26
185 32
186 29
187 35
188 54
189 55
190 33
191 31
192 41
193 47
194 49
195 21
196 31
197 46
198 58
199 36
200 37
201 34
202 25
203 48
204 49
205 33
206 29
207 25
208 22
209 22
210 55
211 51
212 33
213 33
214 29
215 34
216 31
217 44
218 33
219 53
220 32
221 24
222 41
223 20
224 61
225 24
226 45
227 44
228 47
229 58
230 49
231 52
232 38
233 62
234 43
235 30
236 57
237 23
238 39
239 46
240 53
241 46
242 43
243 30
244 27
245 44
246 26
247 26
248 37
249 55
250 31
251 29
252 20
253 21
254 25
255 42
256 32
257 50
258 47
259 59
260 32
261 22
262 53
263 38
264 55
265 60
266 34
267 20
268 32
269 36
270 24
271 52
272 24
273 30
274 42
275 56
276 56
277 41
278 43
279 39
280 53
281 34
282 41
283 24
284 55
285 57
286 44
287 49
288 48
289 49
290 38
291 22
292 47
293 39
294 50
295 37
296 54
297 37
298 42
299 56
300 43
301 48
302 56
303 27
304 40
305 40
306 53
307 45
308 42
309 30
310 33
311 63
312 27
313 49
314 55
315 35
316 43
317 60
318 26
319 23
320 48
321 56
322 62
323 25
324 55
325 51
326 29
327 56
328 22
329 60
330 25
331 52
332 62
333 44
334 28
335 57
336 28
337 27
338 33
339 46
340 55
341 36
342 41
343 57
344 32
345 24
346 20
347 53
348 55
349 50
350 57
351 39
352 26
353 32
354 55
355 20
356 52
357 51
358 43
359 21
360 56
361 28
362 52
363 58
364 37
365 44
366 37
367 36
368 53
369 48
370 27
371 43
372 43
373 26
374 21
375 54
376 44
377 29
378 53
379 35
380 62
381 21
382 43
383 47
384 34
385 41
386 37
387 46
388 23
389 52
390 53
391 58
392 50
393 35
394 47
395 58
396 29
397 23
398 41
399 53
400 30
401 48
402 51
403 44
404 40
405 27
406 34
407 44
408 36
409 42
410 31
411 49
412 26
413 36
414 41
415 35
416 29
417 58
418 44
419 40
420 56
421 28
422 38
423 37
424 56
425 34
426 46
427 50
428 55
429 53
430 42
431 43
432 54
433 47
434 24
435 43
436 53
437 33
438 49
439 28
440 31
441 26
442 41
443 54
444 49
445 53
446 48
447 44
448 48
449 47
450 26
451 35
452 45
453 32
454 47
455 50
456 59
457 28
458 46
459 44
460 30
461 27
462 60
463 27
464 34
465 24
466 34
467 60
468 22
469 39
470 51
471 50
472 32
473 28
474 57
475 49
476 22
477 43
478 35
479 41
480 59
481 22
482 20
483 42
484 37
485 20
486 28
487 58
488 58
489 36
490 52
491 54
492 32
493 27
494 43
495 50
496 27
497 31
498 45
499 34
hard
0 33
1 44
2 34
3 47
4 36
5 41
6 43
7 40
8 26
9 26
10 27
11 46
12 24
13 25
14 48
15 43
16 48
17 26
18 54
19 51
20 45
21 36
22 35
23 51
24 23
25 26
26 24
27 24
28 45
29 49
30 39
31 36
32 34
33 50
34 35
35 36
36 36
37 53
38 24
39 23
40 41
41 38
42 50
43 24
44 37
45 42
46 22
47 50
48 28
49 31
50 29
51 26
52 37
53 20
54 39
55 33
56 27
57 44
58 50
59 30
60 44
61 40
62 34
63 27
64 31
65 22
66 45
67 56
68 43
69 19
70 19
71 20
72 40
73 23
74 35
75 45
76 48
77 42
78 26
79 50
80 28
81 40
82 30
83 39
84 32
85 27
86 34
87 33
88 52
89 28
90 35
91 24
92 38
93 31
94 22
95 36
96 23
97 43
98 40
99 28
100 24
101 19
102 36
103 36
104 38
105 40
106 46
107 23
108 30
109 53
110 36
111 34
112 40
113 31
114 44
115 50
116 42
117 24
118 45
119 32
120 44
121 21
122 24
123 42
124 29
125 46
126 42
127 48
128 46
129 29
130 36
131 41
132 36
133 40
134 42
135 23
136 30
137 38
138 25
139 22
140 25
141 49
142 25
143 37
144 32
145 47
146 30
147 37
148 51
149 41
150 49
151 34
152 39
153 29
154 27
155 31
156 46
157 38
158 54
159 23
160 26
161 45
162 26
163 45
164 24
165 26
166 50
167 24
168 33
169 38
170 20
171 29
172 24
173 21
174 41
175 48
176 37
177 21
178 34
179 30
180 25
181 51
182 22
183 42
184 48
185 28
186 43
187 41
188 39
189 21
190 48
191 44
192 51
193 23
194 24
195 45
196 43
197 24
198 49
199 21
200 31
201 28
202 44
203 48
204 34
205 21
206 38
207 41
208 34
209 38
210 46
211 49
212 28
213 35
214 45
215 24
216 48
217 50
218 31
219 19
220 49
221 42
222 35
223 28
224 41
225 46
226 49
227 47
228 51
229 21
230 53
231 20
232 19
233 52
234 48
235 19
236 46
237 55
238 34
239 39
240 30
241 52
242 33
243 55
244 23
245 50
246 43
247 35
248 50
249 54
250 32
251 47
252 53
253 20
254 45
255 33
256 48
257 40
258 41
259 50
260 20
261 34
262 27
263 47
264 36
265 48
266 49
267 40
268 52
269 37
270 48
271 35
272 46
273 27
274 40
275 47
276 24
277 56
278 24
279 44
280 26
281 38
282 47
283 36
284 44
285 32
286 23
287 27
288 45
289 35
290 39
291 24
292 36
293 30
294 48
295 36
296 36
297 36
298 35
299 49
300 27
301 49
302 30
303 51
304 43
305 45
306 44
307 23
308 33
309 26
310 49
311 42
312 28
313 42
314 32
315 23
316 25
317 36
318 35
319 25
320 50
321 36
322 20
323 21
324 29
325 31
326 45
327 41
328 25
329 45
330 26
331 40
332 26
333 48
334 45
335 48
336 26
337 36
338 48
339 19
340 55
341 33
342 37
343 49
344 24
345 41
346 32
347 41
348 48
349 47
350 20
351 53
352 36
353 40
354 35
355 38
356 41
357 25
358 41
359 57
360 43
361 31
362 42
363 39
364 36
365 41
366 46
367 38
368 49
369 38
370 36
371 26
372 24
373 43
374 30
375 45
376 43
377 51
378 38
379 43
380 30
381 22
382 53
383 40
384 39
385 48
386 24
387 23
388 41
389 28
390 26
391 51
392 35
393 23
394 50
395 20
396 26
397 42
398 33
399 42
400 48
401 32
402 39
403 46
404 33
405 47
406 30
407 53
408 32
409 47
410 44
411 48
412 22
413 52
414 35
415 24
416 30
417 40
418 27
419 41
420 50
421 20
422 28
423 41
424 43
425 39
426 42
427 22
428 51
429 44
430 41
431 52
432 27
433 43
434 47
435 30
436 43
437 46
438 57
439 38
440 28
441 29
442 34
443 39
444 37
445 51
446 38
447 23
448 46
449 45
450 44
451 32
452 27
453 45
454 34
455 49
456 29
457 39
458 36
459 47
460 39
461 24
462 34
463 39
464 22
465 31
466 45
467 49
468 48
469 32
470 37
471 39
472 39
473 47
474 49
475 48
476 49
477 33
478 24
479 40
480 32
481 25
482 19
483 40
484 33
485 31
486 27
487 20
488 32
489 41
490 47
491 24
492 31
493 53
494 27
495 25
496 29
497 39
498 30
499 27
random
0 53
1 119
2 28
3 82
4 71
5 51
6 30
7 40
8 91
9 111
10 24
11 68
12 56
13 101
14 38
15 75
16 69
17 91
18 133
19 58
20 76
21 52
22 76
23 60
24 49
25 27
26 41
27 61
28 54
29 30
30 95
31 40
32 48
33 32
34 32
35 68
36 112
37 30
38 32
39 38
40 77
41 32
42 38
43 30
44 65
45 36
46 121
47 40
48 59
49 83
50 108
51 71
52 88
53 101
54 106
55 30
56 73
57 71
58 30
59 67
60 23
61 23
62 69
63 101
64 21
65 48
66 75
67 57
68 102
69 71
70 118
71 28
72 116
73 100
74 43
75 84
76 63
77 103
78 25
79 36
80 71
81 88
82 45
83 26
84 73
85 82
86 67
87 42
88 34
89 27
90 89
91 35
92 126
93 66
94 24
95 88
96 23
97 88
98 79
99 63
100 144
101 28
102 53
103 121
104 42
105 25
106 92
107 37
108 25
109 76
110 39
111 31
112 107
113 128
114 110
115 41
116 22
117 43
118 48
119 61
120 84
121 28
122 110
123 76
124 43
125 28
126 26
127 89
128 87
129 82
130 66
131 119
132 86
133 57
134 135
135 106
136 72
137 50
138 27
139 86
140 47
141 37
142 111
143 68
144 126
145 117
146 73
147 81
148 55
149 90
150 51
151 116
152 128
153 61
154 23
155 76
156 38
157 38
158 121
159 64
160 25
161 110
162 54
163 23
164 29
165 53
166 26
167 81
168 25
169 51
170 93
171 68
172 35
173 93
174 35
175 27
176 35
177 24
178 87
179 132
180 86
181 90
182 69
183 126
184 124
185 55
186 92
187 126
188 38
189 86
190 106
191 38
192 77
193 67
194 107
195 52
196 69
197 30
198 87
199 90
200 67
201 123
202 83
203 128
204 44
205 62
206 120
207 84
208 78
209 86
210 50
211 27
212 41
213 120
214 84
215 84
216 60
217 52
218 25
219 25
220 23
221 41
222 31
223 38
224 26
225 27
226 24
227 50
228 74
229 34
230 45
231 59
232 39
233 71
234 106
235 49
236 27
237 33
238 100
239 37
240 30
241 67
242 112
243 105
244 29
245 83
246 37
247 49
248 104
249 51
250 61
251 71
252 57
253 68
254 37
255 29
256 34
257 58
258 72
259 121
260 95
261 85
262 110
263 90
264 76
265 117
266 67
267 46
268 57
269 128
270 38
271 76
272 38
273 27
274 63
275 97
276 44
277 92
278 114
279 24
280 59
281 114
282 76
283 83
284 80
285 40
286 74
287 45
288 28
289 80
290 90
291 76
292 114
293 130
294 28
295 104
296 81
297 66
298 127
299 38
300 47
301 131
302 131
303 32
304 53
305 43
306 55
307 44
308 29
309 21
310 26
311 27
312 58
313 128
314 36
315 57
316 48
317 82
318 120
319 27
320 120
321 140
322 42
323 56
324 116
325 48
326 60
327 20
328 32
329 76
330 49
331 23
332 98
333 20
334 38
335 33
336 93
337 73
338 60
339 38
340 82
341 102
342 37
343 115
344 113
345 90
346 23
347 130
348 77
349 70
350 27
351 57
352 88
353 105
354 114
355 83
356 26
357 107
358 25
359 113
360 38
361 108
362 55
363 59
364 123
365 73
366 59
367 26
368 25
369 57
370 57
371 90
372 117
373 34
374 107
375 110
376 76
377 52
378 122
379 80
380 60
381 68
382 49
383 95
384 23
385 99
386 35
387 124
388 49
389 112
390 69
391 23
392 72
393 39
394 121
395 24
396 46
397 47
398 78
399 89
400 57
401 36
402 66
403 39
404 37
405 38
406 113
407 28
408 46
409 86
410 82
411 54
412 82
413 20
414 33
415 90
416 130
417 105
418 119
419 117
420 77
421 81
422 116
423 101
424 55
425 64
426 133
427 64
428 92
429 24
430 117
431 107
432 58
433 92
434 102
435 120
436 115
437 21
438 105
439 156
440 61
441 23
442 136
443 37
444 100
445 104
446 22
447 32
448 99
449 76
450 54
451 80
452 34
453 63
454 47
455 90
456 22
457 48
458 93
459 115
460 32
461 75
462 39
463 39
464 24
465 39
466 52
467 59
468 106
469 40
470 113
471 78
472 124
473 54
474 71
475 127
476 30
477 129
478 42
479 53
480 79
481 76
482 72
483 107
484 121
485 51
486 86
487 92
488 30
489 80
490 67
491 117
492 91
493 71
494 89
495 81
496 39
497 46
498 26
499 87