simple
0 45
1 30
2 29
3 10
4 35
5 11
6 19
7 22
8 41
9 24
10 36
11 30
12 30
13 18
14 13
15 17
16 22
17 21
18 29
19 10
20 39
21 34
22 25
23 31
24 27
25 44
26 11
27 18
28 36
29 14
30 30
31 27
32 32
33 44
34 28
35 28
36 42
37 15
38 35
39 23
40 46
41 25
42 47
43 15
44 30
45 17
46 35
47 11
48 38
49 16
50 44
51 47
52 16
53 29
54 23
55 22
56 22
57 47
58 27
59 21
60 23
61 34
62 45
63 16
64 36
65 43
66 36
67 18
68 26
69 13
70 37
71 24
72 32
73 39
74 12
75 24
76 14
77 45
78 21
79 43
80 15
81 25
82 39
83 49
84 22
85 42
86 26
87 43
88 32
89 38
90 22
91 25
92 26
93 33
94 43
95 43
96 35
97 16
98 45
99 26
100 39
101 37
102 34
103 31
104 34
105 41
106 36
107 45
108 45
109 20
110 29
111 32
112 42
113 43
114 24
115 43
116 29
117 49
118 25
119 16
120 11
121 26
122 48
123 25
124 13
125 21
126 41
127 37
128 41
129 22
130 12
131 42
132 14
133 47
134 35
135 34
136 39
137 11
138 16
139 32
140 36
141 27
142 45
143 44
144 15
145 36
146 21
147 17
148 21
149 40
150 35
151 23
152 44
153 27
154 29
155 48
156 43
157 34
158 41
159 34
160 32
161 36
162 21
163 29
164 30
165 19
166 18
167 47
168 19
169 18
170 25
171 47
172 40
173 26
174 14
175 19
176 45
177 27
178 15
179 44
180 17
181 25
182 12
183 23
184 12
185 18
186 22
187 47
188 49
189 38
190 42
191 37
192 10
193 38
194 18
195 17
196 29
197 27
198 22
199 13
200 34
201 49
202 29
203 40
204 37
205 12
206 31
207 35
208 31
209 28
210 46
211 15
212 29
213 40
214 27
215 44
216 28
217 20
218 22
219 43
220 25
221 30
222 12
223 17
224 16
225 47
226 25
227 13
228 43
229 44
230 15
231 29
232 14
233 22
234 23
235 34
236 36
237 25
238 49
239 41
240 39
241 40
242 25
243 11
244 40
245 34
246 46
247 37
248 37
249 31
250 37
251 10
252 32
253 38
254 21
255 37
256 46
257 40
258 27
259 35
260 14
261 32
262 35
263 33
264 18
265 30
266 41
267 16
268 32
269 17
270 33
271 43
272 22
273 24
274 24
275 14
276 35
277 44
278 40
279 46
280 41
281 44
282 21
283 22
284 48
285 18
286 38
287 48
288 35
289 26
290 22
291 12
292 13
293 49
294 42
295 14
296 25
297 11
298 46
299 28
300 32
301 22
302 37
303 20
304 30
305 31
306 37
307 46
308 20
309 36
310 36
311 26
312 25
313 32
314 31
315 33
316 20
317 48
318 18
319 44
320 41
321 19
322 42
323 20
324 17
325 15
326 31
327 42
328 37
329 41
330 19
331 20
332 11
333 29
334 23
335 48
336 36
337 28
338 31
339 36
340 14
341 48
342 29
343 36
344 25
345 18
346 46
347 21
348 43
349 27
350 46
351 19
352 45
353 48
354 21
355 14
356 32
357 22
358 19
359 33
360 21
361 29
362 33
363 31
364 22
365 28
366 41
367 29
368 16
369 29
370 49
371 32
372 44
373 35
374 30
375 25
376 19
377 21
378 32
379 36
380 34
381 10
382 16
383 36
384 35
385 43
386 24
387 36
388 16
389 27
390 44
391 13
392 39
393 28
394 34
395 43
396 38
397 28
398 41
399 16
400 30
401 29
402 13
403 30
404 30
405 36
406 22
407 16
408 14
409 16
410 27
411 41
412 43
413 25
414 14
415 46
416 22
417 26
418 35
419 30
420 10
421 35
422 19
423 44
424 29
425 11
426 39
427 16
428 25
429 11
430 33
431 25
432 12
433 33
434 32
435 45
436 36
437 14
438 19
439 43
440 26
441 43
442 14
443 33
444 15
445 40
446 25
447 48
448 37
449 13
450 22
451 21
452 37
453 32
454 31
455 43
456 25
457 14
458 10
459 25
460 33
461 44
462 34
463 13
464 34
465 28
466 36
467 17
468 31
469 43
470 37
471 38
472 37
473 34
474 42
475 32
476 41
477 31
478 15
479 14
480 45
481 29
482 28
483 46
484 19
485 10
486 48
487 37
488 16
489 36
490 42
491 40
492 33
493 13
494 32
495 31
496 26
497 33
498 17
499 28
normal
0 23
1 42
2 45
3 34
4 48
5 49
6 20
7 34
8 56
9 51
10 35
11 50
12 37
13 23
14 48
15 23
16 37
17 29
18 21
19 50
20 54
21 38
22 56
23 41
24 21
25 52
26 22
27 53
28 47
29 26
30 27
31 60
32 54
33 33
34 54
35 23
36 27
37 28
38 32
39 39
40 36
41 27
42 20
43 37
44 56
45 44
46 53
47 37
48 53
49 38
50 51
51 55
52 56
53 49
54 46
55 44
56 32
57 25
58 52
59 43
60 31
61 59
62 29
63 24
64 29
65 38
66 34
67 22
68 43
69 30
70 48
71 26
72 22
73 26
74 24
75 47
76 30
77 60
78 30
79 50
80 55
81 48
82 24
83 37
84 42
85 23
86 24
87 24
88 43
89 36
90 30
91 44
92 44
93 40
94 33
95 36
96 42
97 52
98 26
99 57
100 34
101 40
102 28
103 53
104 21
105 30
106 37
107 38
108 33
109 38
110 45
111 43
112 46
113 32
114 26
115 28
116 24
117 33
118 60
119 43
120 32
121 26
122 49
123 21
124 35
125 55
126 42
127 56
128 25
129 31
130 35
131 33
132 46
133 62
134 60
135 52
136 51
137 45
138 23
139 42
140 43
141 42
142 25
143 29
144 26
145 45
146 42
147 25
148 53
149 60
150 55
151 29
152 34
153 21
154 37
155 24
156 58
157 33
158 32
159 44
160 28
161 29
162 55
163 53
164 29
165 20
166 42
167 51
168 54
169 52
170 26
171 43
172 20
173 32
174 54
175 31
176 51
177 52
178 58
179 37
180 49
181 39
182 43
183 32
184 26
185 32
186 29
187 35
188 54
189 55
190 33
191 31
192 41
193 47
194 49
195 21
196 31
197 46
198 58
199 36
200 37
201 34
202 25
203 48
204 49
205 33
206 29
207 25
208 22
209 22
210 55
211 51
212 33
213 33
214 29
215 34
216 31
217 44
218 33
219 53
220 32
221 24
222 41
223 20
224 61
225 24
226 45
227 44
228 47
229 58
230 49
231 52
232 38
233 62
234 43
235 30
236 57
237 23
238 39
239 46
240 53
241 46
242 43
243 30
244 27
245 44
246 26
247 26
248 37
249 55
250 31
251 29
252 20
253 21
254 25
255 42
256 32
257 50
258 47
259 59
260 32
261 22
262 53
263 38
264 55
265 60
266 34
267 20
268 32
269 36
270 24
271 52
272 24
273 30
274 42
275 56
276 56
277 41
278 43
279 39
280 53
281 34
282 41
283 24
284 55
285 57
286 44
287 49
288 48
289 49
290 38
291 22
292 47
293 39
294 50
295 37
296 54
297 37
298 42
299 56
300 43
301 48
302 56
303 27
304 40
305 40
306 53
307 45
308 42
309 30
310 33
311 63
312 27
313 49
314 55
315 35
316 43
317 60
318 26
319 23
320 48
321 56
322 62
323 25
324 55
325 51
326 29
327 56
328 22
329 60
330 25
331 52
332 62
333 44
334 28
335 57
336 28
337 27
338 33
339 46
340 55
341 36
342 41
343 57
344 32
345 24
346 20
347 53
348 55
349 50
350 57
351 39
352 26
353 32
354 55
355 20
356 52
357 51
358 43
359 21
360 56
361 28
362 52
363 58
364 37
365 44
366 37
367 36
368 53
369 48
370 27
371 43
372 43
373 26
374 21
375 54
376 44
377 29
378 53
379 35
380 62
381 21
382 43
383 47
384 34
385 41
386 37
387 46
388 23
389 52
390 53
391 58
392 50
393 35
394 47
395 58
396 29
397 23
398 41
399 53
400 30
401 48
402 51
403 44
404 40
405 27
406 34
407 44
408 36
409 42
410 31
411 49
412 26
413 36
414 41
415 35
416 29
417 58
418 44
419 40
420 56
421 28
422 38
423 37
424 56
425 34
426 46
427 50
428 55
429 53
430 42
431 43
432 54
433 47
434 24
435 43
436 53
437 33
438 49
439 28
440 31
441 26
442 41
443 54
444 49
445 53
446 48
447 44
448 48
449 47
450 26
451 35
452 45
453 32
454 47
455 50
456 59
457 28
458 46
459 44
460 30
461 27
462 60
463 27
464 34
465 24
466 34
467 60
468 22
469 39
470 51
471 50
472 32
473 28
474 57
475 49
476 22
477 43
478 35
479 41
480 59
481 22
482 20
483 42
484 37
485 20
486 28
487 58
488 58
489 36
490 52
491 54
492 32
493 27
494 43
495 50
496 27
497 31
498 45
499 34
hard
0 35
1 47
2 36
3 51
4 37
5 46
6 45
7 43
8 27
9 28
10 27
11 49
12 22
13 27
14 49
15 50
16 51
17 27
18 60
19 60
20 47
21 36
22 36
23 56
24 23
25 31
26 30
27 23
28 49
29 56
30 39
31 37
32 37
33 53
34 35
35 37
36 41
37 57
38 24
39 23
40 45
41 43
42 52
43 24
44 35
45 43
46 20
47 58
48 32
49 37
50 29
51 27
52 39
53 22
54 41
55 35
56 30
57 46
58 58
59 34
60 45
61 47
62 34
63 30
64 34
65 24
66 47
67 65
68 42
69 20
70 20
71 20
72 43
73 23
74 37
75 46
76 56
77 53
78 28
79 57
80 28
81 42
82 31
83 42
84 35
85 26
86 35
87 34
88 52
89 32
90 35
91 24
92 42
93 37
94 21
95 41
96 23
97 48
98 42
99 28
100 26
101 20
102 44
103 38
104 43
105 42
106 57
107 24
108 35
109 56
110 41
111 36
112 41
113 31
114 51
115 65
116 43
117 25
118 46
119 33
120 49
121 22
122 25
123 46
124 30
125 51
126 45
127 53
128 51
129 28
130 41
131 44
132 39
133 43
134 49
135 23
136 33
137 42
138 25
139 24
140 27
141 51
142 25
143 42
144 33
145 50
146 32
147 39
148 57
149 41
150 52
151 35
152 40
153 31
154 27
155 34
156 48
157 41
158 63
159 24
160 28
161 47
162 26
163 45
164 25
165 26
166 57
167 25
168 36
169 39
170 21
171 30
172 23
173 20
174 44
175 52
176 37
177 21
178 35
179 33
180 24
181 62
182 22
183 46
184 55
185 31
186 53
187 43
188 47
189 21
190 57
191 50
192 59
193 25
194 25
195 47
196 47
197 25
198 57
199 20
200 34
201 30
202 48
203 52
204 36
205 23
206 44
207 50
208 34
209 42
210 48
211 54
212 28
213 36
214 51
215 24
216 52
217 59
218 30
219 19
220 49
221 46
222 39
223 28
224 45
225 47
226 52
227 56
228 54
229 19
230 55
231 23
232 19
233 58
234 55
235 20
236 47
237 63
238 42
239 41
240 36
241 61
242 38
243 62
244 24
245 56
246 48
247 37
248 51
249 66
250 34
251 50
252 56
253 20
254 51
255 35
256 54
257 41
258 49
259 55
260 21
261 34
262 26
263 54
264 41
265 50
266 57
267 42
268 54
269 37
270 47
271 36
272 48
273 30
274 42
275 55
276 27
277 59
278 24
279 57
280 26
281 41
282 49
283 39
284 50
285 35
286 23
287 27
288 45
289 36
290 40
291 24
292 38
293 32
294 57
295 39
296 37
297 38
298 39
299 53
300 32
301 48
302 31
303 52
304 44
305 47
306 49
307 23
308 35
309 28
310 56
311 50
312 30
313 46
314 31
315 23
316 24
317 41
318 36
319 25
320 54
321 39
322 22
323 21
324 29
325 33
326 53
327 41
328 25
329 53
330 30
331 39
332 30
333 46
334 45
335 54
336 26
337 39
338 55
339 20
340 61
341 36
342 45
343 56
344 26
345 44
346 35
347 43
348 50
349 50
350 20
351 57
352 41
353 42
354 37
355 42
356 41
357 25
358 46
359 66
360 55
361 35
362 48
363 42
364 38
365 48
366 52
367 44
368 57
369 43
370 39
371 26
372 25
373 48
374 32
375 52
376 46
377 57
378 39
379 49
380 34
381 21
382 62
383 45
384 43
385 49
386 24
387 22
388 46
389 31
390 27
391 52
392 35
393 24
394 50
395 21
396 26
397 48
398 34
399 44
400 51
401 35
402 46
403 48
404 33
405 48
406 35
407 59
408 37
409 55
410 48
411 58
412 26
413 56
414 37
415 24
416 34
417 42
418 28
419 45
420 51
421 22
422 28
423 43
424 47
425 41
426 46
427 23
428 57
429 50
430 42
431 59
432 30
433 45
434 56
435 32
436 44
437 56
438 66
439 41
440 28
441 32
442 39
443 40
444 43
445 54
446 38
447 23
448 49
449 49
450 52
451 39
452 33
453 47
454 36
455 58
456 35
457 45
458 39
459 48
460 44
461 27
462 39
463 44
464 24
465 32
466 54
467 55
468 51
469 32
470 37
471 41
472 40
473 49
474 53
475 53
476 55
477 34
478 26
479 41
480 32
481 25
482 19
483 42
484 34
485 32
486 29
487 20
488 33
489 47
490 53
491 24
492 33
493 59
494 28
495 26
496 31
497 40
498 30
499 27
random
0 34
1 64
2 24
3 47
4 52
5 36
6 28
7 32
8 55
9 59
10 20
11 47
12 36
13 60
14 29
15 47
16 49
17 52
18 64
19 41
20 44
21 39
22 49
23 41
24 38
25 24
26 32
27 40
28 38
29 26
30 56
31 30
32 36
33 27
34 29
35 47
36 54
37 29
38 31
39 28
40 54
41 29
42 29
43 24
44 44
45 33
46 59
47 31
48 33
49 49
50 60
51 46
52 49
53 47
54 54
55 23
56 45
57 46
58 28
59 42
60 19
61 23
62 42
63 57
64 21
65 35
66 49
67 36
68 57
69 45
70 58
71 24
72 62
73 54
74 31
75 50
76 37
77 58
78 21
79 28
80 47
81 60
82 33
83 23
84 43
85 46
86 45
87 34
88 29
89 23
90 52
91 29
92 65
93 43
94 22
95 50
96 21
97 54
98 53
99 42
100 67
101 25
102 39
103 72
104 29
105 20
106 48
107 32
108 21
109 45
110 34
111 25
112 51
113 61
114 55
115 27
116 22
117 28
118 29
119 42
120 50
121 25
122 56
123 43
124 30
125 24
126 26
127 49
128 49
129 49
130 44
131 64
132 53
133 38
134 73
135 52
136 48
137 36
138 25
139 46
140 31
141 31
142 56
143 38
144 60
145 62
146 46
147 48
148 39
149 50
150 35
151 58
152 60
153 41
154 20
155 41
156 29
157 33
158 65
159 39
160 21
161 55
162 41
163 20
164 23
165 41
166 26
167 46
168 19
169 33
170 54
171 40
172 28
173 56
174 29
175 25
176 27
177 20
178 49
179 54
180 49
181 50
182 47
183 61
184 65
185 35
186 50
187 62
188 32
189 49
190 56
191 29
192 47
193 39
194 56
195 33
196 46
197 26
198 51
199 55
200 40
201 54
202 48
203 62
204 33
205 38
206 61
207 59
208 49
209 53
210 36
211 22
212 34
213 61
214 47
215 57
216 39
217 38
218 22
219 21
220 21
221 30
222 26
223 32
224 25
225 21
226 23
227 39
228 43
229 28
230 27
231 39
232 30
233 43
234 58
235 33
236 24
237 25
238 55
239 27
240 28
241 42
242 61
243 55
244 25
245 52
246 30
247 34
248 58
249 35
250 39
251 43
252 39
253 47
254 32
255 24
256 28
257 38
258 53
259 62
260 51
261 49
262 60
263 50
264 44
265 58
266 38
267 36
268 34
269 65
270 29
271 42
272 29
273 19
274 31
275 50
276 32
277 49
278 55
279 21
280 46
281 53
282 50
283 51
284 52
285 30
286 44
287 33
288 23
289 50
290 53
291 47
292 68
293 63
294 23
295 63
296 49
297 43
298 66
299 31
300 33
301 66
302 63
303 25
304 38
305 31
306 40
307 29
308 22
309 21
310 25
311 23
312 38
313 62
314 28
315 42
316 38
317 54
318 58
319 24
320 56
321 59
322 30
323 38
324 61
325 36
326 42
327 19
328 25
329 52
330 39
331 18
332 55
333 20
334 31
335 30
336 47
337 46
338 40
339 27
340 47
341 58
342 29
343 57
344 54
345 52
346 19
347 59
348 46
349 43
350 23
351 43
352 43
353 61
354 57
355 48
356 22
357 59
358 21
359 64
360 29
361 59
362 39
363 41
364 59
365 47
366 40
367 21
368 21
369 40
370 41
371 54
372 52
373 27
374 58
375 59
376 47
377 38
378 68
379 46
380 43
381 45
382 32
383 42
384 21
385 55
386 28
387 64
388 33
389 56
390 40
391 23
392 39
393 29
394 61
395 24
396 39
397 31
398 43
399 52
400 35
401 27
402 42
403 29
404 31
405 33
406 60
407 23
408 36
409 50
410 46
411 41
412 44
413 19
414 30
415 51
416 61
417 60
418 61
419 59
420 46
421 48
422 56
423 58
424 36
425 38
426 65
427 42
428 48
429 22
430 59
431 56
432 38
433 54
434 53
435 58
436 62
437 18
438 55
439 69
440 38
441 23
442 65
443 29
444 53
445 60
446 21
447 27
448 54
449 49
450 35
451 48
452 24
453 43
454 36
455 58
456 20
457 36
458 56
459 58
460 28
461 46
462 30
463 29
464 22
465 35
466 38
467 35
468 55
469 29
470 63
471 47
472 57
473 42
474 51
475 66
476 25
477 58
478 29
479 34
480 49
481 43
482 47
483 58
484 54
485 39
486 48
487 51
488 24
489 48
490 37
491 57
492 53
493 45
494 47
495 51
496 26
497 36
498 25
499 49
